100
47166
8111
5015
4287
68021
55247
5887
7285
71982
24086
5239
36434
18289
25356
13497
87183
83512
2246
6526
6075
3523
7904
39878
4358
8533
37978
5017
69863
33235
3195
34112
2168
8429
79065
7967
1524
7043
94369
4918
22954
46285
94978
87112
71392
6684
49822
38703
52066
8146
72502
8751
9386
1365
35329
1829
83563
34152
7596
1555
4646
1268
81674
5591
8563
8757
2582
8129
91818
5325
32072
93501
4705
1599
6524
11859
1359
12563
6633
1971
4502
97035
92641
2673
9106
4991
47181
4717
5707
5639
2138
6561
9777
9326
20395
74474
4442
1594
95546
5018
29983
