100
21116
44413
23498
15985
9406
51582
6615
4537
24038
4036
40412
55941
29766
55913
41086
2091
9523
3156
80513
61013
4685
63144
19644
4012
81431
1506
29906
67096
3588
41057
93999
75635
9331
3852
25718
3394
7787
4999
12175
24032
36513
84925
2598
3458
69699
9837
2594
28803
48946
1283
81767
6321
9122
91954
91677
50814
79332
7401
3992
60608
8455
93172
8231
1342
9983
6043
21924
9643
85979
71617
2556
9722
8754
22855
4636
8678
9908
49781
8428
52899
6341
9945
76182
1003
66089
4114
48783
7118
5909
72235
6742
52673
8715
4546
66094
8211
3438
80802
51286
2411
