66174
1118
5105
7824
12086
74255
7885
5827
28917
68042
9325
43463
98281
65352
79431
38178
21538
6422
6256
5706
3253
4097
87893
8534
3358
87973
7105
36896
53233
5913
21143
8612
9248
56097
7697
4251
3407
96349
8194
45922
58264
87949
21178
29317
4866
22894
30783
66025
6418
20527
1578
6839
5631
92353
9281
36538
25143
6957
5551
6464
8621
47618
1955
3658
7578
2852
9218
81819
5235
27023
10539
5074
9951
4256
95811
9531
36521
3366
1791
2054
53079
14629
3762
6019
1994
18174
7174
7075
9365
8312
1656
7779
6239
59302
47447
2444
4951
64559
8105
38992
