61112
31444
89432
58951
6049
28515
5166
7354
83042
6304
21404
14955
66792
31955
68014
1902
3259
6513
31508
31016
5864
44136
44691
2104
13418
6051
60992
69076
8853
75014
99939
53657
1339
2583
81752
4933
7877
9994
57121
23042
31563
52948
8952
8543
99696
7389
4952
30882
64984
3821
76718
1236
2219
45919
77619
41805
23397
1047
2993
80606
5548
27139
1328
2431
3899
3406
42912
3469
97958
71617
6552
2279
4578
55822
6364
8768
8099
18794
8248
99825
1436
5499
28167
3001
98066
4114
38784
8117
9095
53227
2476
37625
5178
6454
49066
1128
8343
20808
68215
1142
