14480980398279066180
7985421536489709183
1
1
7558823588358899734
11249834196556363926
0
0
5463501454940085254
8163265590829314885
3
0
13033624702057723373
17093464230796594555
6
5989663108592808004
17735288893809294616
0
1
1
0
0
0
3908698738067739908
2325344429628860292
2
6
1568698671291955278
7558823588358899734
3
3
13154563024947747969
13154563024947747969
13660927084589511966
13744288831010731663
9041833588311911710
9041833588311911708
7985386352117620318
7985386352117620319
7985386352117620318
7985386352117620319
4
0
0
0
0
0
0
0
1
0
0
0
0
0
0
2
2
0
